Instancia Restaurantes - Training
6
5	2	2	4	2	3	4	3	3	4	2	3	5	3	3	3	3	3	5	1	3	4	1	2	3	1	3	3	2	2	5	2	2	5	2	3	5	2	2	4	2	2	4	3	3	4	1	3
4	2	2	3	2	2	4	2	2	5	1	2	4	2	2	4	2	1	3	2	3	4	1	3	3	1	2	3	1	2	5	2	2	5	2	2	5	2	2	5	2	2	3	2	2	4	2	2
2600	1400	3000	2000	1200	2500	2200	1500	2500	2300	1400	2800	2300	1500	2600	3000	1300	2500	2500	1200	2700	2000	1200	2800	2400	1100	2600	2300	1300	2900	2300	1300	2700	2400	1300	2700	2400	1300	2600	2600	1350	2800	2100	1400	2700	2100	1200	2900
5	4	4	4	2	4	4	3	4	5	4	4	5	4	4	2	3	3	5	3	4	4	3	4	4	3	3	5	4	4	5	4	4	5	3	3	5	3	4	5	4	4	5	3	4	5	3	4
13	13	16	13	15	15	13	13	17	12	12	15	13	14	15	13	14	15	13	12	16	14	12	16	14	12	15	14	15	18	14	14	18	12	13	17	14	13	17	13	14	15	13	14	15	12	14	15
3	2	7	2	3	6	3	2	5	2	2	7	2	3	5	2	3	6	2	2	7	1	1	6	2	1	6	2	3	6	3	2	7	3	2	6	2	2	6	3	3	5	3	3	6	1	2	5
1	0	0	1	0	0	1	0	0	1	0	0	1	0	0	1	0	0	1	0	0	1	0	0	1	0	0	1	0	0	1	0	0	1	0	0	1	0	0	1	0	0	1	0	0	1	0	0
0	1	0	0	1	0	0	1	0	0	1	0	0	1	0	0	1	0	0	1	0	0	1	0	0	1	0	0	1	0	0	1	0	0	1	0	0	1	0	0	1	0	0	1	0	0	1	0
0	0	1	0	0	1	0	0	1	0	0	1	0	0	1	0	0	1	0	0	1	0	0	1	0	0	1	0	0	1	0	0	1	0	0	1	0	0	1	0	0	1	0	0	1	0	0	1
