60
6
3
2	3	3	2	3	3	2	3	3	2	3	3	3	2	3	2	3	2	3	4	5	4	5	4	5	4	5	4	3	4	4	5	3	4	5	4	3	5	6	3	3	1	2	1	3	2	1	2	2	2	3	2	1	2	2	1	2	1	3	2
3	2	3	2	2	2	2	1	2	2	2	2	2	3	2	2	1	2	2	4	5	4	4	3	5	4	4	5	3	4	3	5	3	4	3	5	3	4	3	4	2	2	1	2	2	3	1	2	2	1	2	2	2	2	2	1	2	2	2	2
2800	2500	2700	2900	2600	2700	2800	2400	2500	3000	2600	2500	2700	2800	2900	2700	2500	2600	2800	2000	2300	2100	2600	2000	2400	2200	2500	2300	2100	2000	2100	2400	2300	2200	2500	2600	2400	2300	2200	3000	1400	1250	1300	1200	1500	1300	1100	1350	1300	1400	1500	1350	1200	1300	1300	1200	1400	1250	1300	1200
4	4	4	4	4	3	4	3	4	4	3	4	4	4	4	4	3	4	4	4	5	5	5	4	5	5	5	5	4	4	5	5	5	4	5	5	4	5	3	2	3	3	4	3	4	4	3	3	3	4	3	4	3	3	4	3	4	3	3	2
15	17	16	18	15	17	15	16	15	16	15	17	15	16	15	18	15	17	15	13	14	12	13	13	14	13	14	12	13	14	13	12	14	13	13	13	14	13	18	13	14	13	15	12	14	13	12	14	13	12	13	14	14	13	14	12	13	14	14	15
5	6	7	6	5	6	5	5	6	7	6	5	6	6	5	7	6	6	7	2	3	1	3	2	2	2	3	2	2	1	3	3	2	3	2	3	2	2	3	2	3	2	3	2	3	4	1	3	2	2	2	3	2	2	2	1	2	3	3	3
0	0	0	0	0	0	0	0	0	0	0	0	0	0	0	0	0	0	0	1	1	1	1	1	1	1	1	1	1	1	1	1	1	1	1	1	1	1	1	1	0	0	0	0	0	0	0	0	0	0	0	0	0	0	0	0	0	0	0	0
0	0	0	0	0	0	0	0	0	0	0	0	0	0	0	0	0	0	0	0	0	0	0	0	0	0	0	0	0	0	0	0	0	0	0	0	0	0	0	0	1	1	1	1	1	1	1	1	1	1	1	1	1	1	1	1	1	1	1	1
1	1	1	1	1	1	1	1	1	1	1	1	1	1	1	1	1	1	1	0	0	0	0	0	0	0	0	0	0	0	0	0	0	0	0	0	0	0	0	0	0	0	0	0	0	0	0	0	0	0	0	0	0	0	0	0	0	0	0	0
