Instancia Restaurantes - Training
6
4	1	3	4	2	3	4	1	2	3	1	3	5	2	2	4	1	3	6	3	3	4	2	3	4	2	3	3	3	3	5	2	3	5	2	3	5	2	2	4	2	3	3	3	2	5	1	3
3	2	2	3	2	2	5	2	2	4	1	2	4	2	2	5	1	2	3	2	2	4	1	2	4	2	3	3	2	1	5	1	1	3	2	2	4	2	3	4	2	2	3	2	2	5	2	2
2100	1250	2500	2000	1350	2500	2600	1250	2800	3000	1100	2600	2300	1350	2900	2300	1200	2700	2200	1500	2600	2000	1300	2800	2100	1200	2700	2100	1300	2500	2300	1400	2400	2500	1400	2500	2500	1300	2800	2200	1300	2700	2400	1400	2700	2400	1200	2900
5	3	4	4	3	4	5	3	4	2	3	3	5	4	4	5	3	3	3	3	4	4	4	4	5	2	4	4	3	3	5	4	3	5	4	4	5	3	4	4	4	4	4	3	4	5	3	4
13	13	15	13	14	17	13	14	15	13	12	15	13	14	18	12	12	17	18	13	15	14	15	15	12	15	16	13	14	15	14	12	16	13	13	17	14	13	15	13	14	15	14	14	18	14	12	15
3	2	6	2	3	5	3	3	5	2	1	6	2	3	6	2	1	6	3	2	5	1	3	7	1	3	7	2	3	6	3	2	5	2	2	6	3	2	5	3	2	6	2	3	7	2	2	5
1	0	0	1	0	0	1	0	0	1	0	0	1	0	0	1	0	0	1	0	0	1	0	0	1	0	0	1	0	0	1	0	0	1	0	0	1	0	0	1	0	0	1	0	0	1	0	0
0	1	0	0	1	0	0	1	0	0	1	0	0	1	0	0	1	0	0	1	0	0	1	0	0	1	0	0	1	0	0	1	0	0	1	0	0	1	0	0	1	0	0	1	0	0	1	0
0	0	1	0	0	1	0	0	1	0	0	1	0	0	1	0	0	1	0	0	1	0	0	1	0	0	1	0	0	1	0	0	1	0	0	1	0	0	1	0	0	1	0	0	1	0	0	1
