Lecturas del Servicio 3:
1452
534
1272
1458
1290
1020
1248
300
930
486
1440
1050
690
354
1422
510
744
1218
378
930
1302
462
738
936
432
672
1128
312
474
390
906
942
492
714
474
678
414
654
936
738
894
432
1152
492
1032
966
486
1374
954
1464
1062
1428
696
450
684
726
978
1206
948
672
1038
372
594
912
408
384
1134
384
516
300
1386
528
960
1206
696
840
396
1188
342
1146
732
420
768
732
750
1320
1170
504
1152
318
954
1194
